相机内参矩阵:
[531.147498737752, 0, 341.8211277091008;
 0, 531.4320961008567, 235.039698778432;
 0, 0, 1]
畸变矩阵
[-0.274391330870645, -0.03079775997283368, 0.0008956638928258962, -0.0002215259789208276, 0.2768123656096668]
第1幅图的旋转向量[-1.986185856171262;
 -2.013191578739891;
 0.1082187488562846]
第1幅图的平移向量
[-29.94989018013611;
 -43.41251503403758;
 158.6023436090891]
第2幅图的旋转向量[-2.425885907252548;
 -0.2051547270240967;
 0.2011839052262386]
第2幅图的平移向量
[-23.17795951444532;
 33.0951661059339;
 140.8335283170386]
第3幅图的旋转向量[1.730454499766908;
 2.495839129279917;
 -0.5025049938094206]
第3幅图的平移向量
[-15.832463917284;
 -40.01822251470733;
 126.2966975392485]
第4幅图的旋转向量[-2.144234151440293;
 -2.139946758221552;
 0.3769141786977089]
第4幅图的平移向量
[-39.26501902184907;
 -26.80589538148376;
 131.2509640465032]
第5幅图的旋转向量[-0.3401799325021283;
 -2.947375834643736;
 0.7183919236520467]
第5幅图的平移向量
[23.53362203642907;
 -45.98158353445964;
 125.9787709109715]
第6幅图的旋转向量[0.1471654047753104;
 -2.688046314095476;
 -0.08964225393817157]
第6幅图的平移向量
[66.96804611178531;
 -26.05433967577353;
 132.9996042032066]
第7幅图的旋转向量[0.4457430617356922;
 -2.785964809543553;
 0.145516540524116]
第7幅图的平移向量
[7.95942052205648;
 -28.56518780296702;
 154.4708398106099]
第8幅图的旋转向量[0.3034670323771074;
 -2.841336159538541;
 0.5141160004022186]
第8幅图的平移向量
[31.71100569041272;
 -35.03758232641402;
 125.710004360842]
第9幅图的旋转向量[1.916219185761801;
 2.194281575250288;
 0.6556930307055516]
第9幅图的平移向量
[-26.43013707888042;
 -32.28750631977938;
 110.3018330445346]
第10幅图的旋转向量[0.241246751445538;
 2.530150464353444;
 0.06658876764191059]
第10幅图的平移向量
[18.86996379973197;
 -44.24943413979392;
 134.1687561143213]
第11幅图的旋转向量[-0.02935455519539671;
 -3.018860348951224;
 0.5731040860473883]
第11幅图的平移向量
[20.40202325285293;
 -40.9089708866936;
 127.8955787437873]
第12幅图的旋转向量[-0.4414198974157402;
 -2.894361356582811;
 -0.7451696324865036]
第12幅图的平移向量
[13.59528073627555;
 -36.40413089667641;
 115.2284338414145]
第13幅图的旋转向量[0.268838562655556;
 2.6982913275587;
 0.2684510449856756]
第13幅图的平移向量
[18.10397468448225;
 -43.12659208983639;
 123.9518689636973]
