相机内参矩阵:
[536.7734203081284, 0, 327.824325373297;
 0, 536.3379621596199, 249.3695529339924;
 0, 0, 1]
畸变矩阵
[-0.3044498968265985, 0.176713651794298, -0.000773368331240414, -0.0003068516946383548, -0.09764314306525285]
第1幅图的旋转向量[-1.98379560161098;
 -2.006185153525101;
 0.1051077472092062]
第1幅图的平移向量
[-62.96408288798289;
 -43.86448754867869;
 158.8396858537132]
第2幅图的旋转向量[-2.419872299731984;
 -0.2008592700601737;
 0.196415441612891]
第2幅图的平移向量
[-56.1333234539244;
 32.76939875745983;
 141.3285878213174]
第3幅图的旋转向量[-1.800383845427836;
 -2.588909628129249;
 0.5167713078922073]
第3幅图的平移向量
[-48.97970898676699;
 -40.3250806467444;
 126.3667174623216]
第4幅图的旋转向量[-2.142585681828877;
 -2.132558791886713;
 0.3804096204387608]
第4幅图的平移向量
[-72.29013976663148;
 -26.98940220856482;
 131.738170169413]
第5幅图的旋转向量[-0.3453619543591021;
 -2.943372419437227;
 0.7099233715696679]
第5幅图的平移向量
[-9.635996907143491;
 -46.38715762292124;
 125.8977360998568]
第6幅图的旋转向量[0.1448306406362638;
 -2.685038912930565;
 -0.08990423261919321]
第6幅图的平移向量
[33.97354779148957;
 -26.73805643874185;
 133.4865978196699]
第7幅图的旋转向量[0.4432330612342639;
 -2.781204274987132;
 0.1362168791095531]
第7幅图的平移向量
[-25.04182178788746;
 -29.05150049759385;
 154.6431399586577]
第8幅图的旋转向量[0.2967494511478167;
 -2.841864871061727;
 0.4979736400691969]
第8幅图的平移向量
[-1.577006743969468;
 -35.58128678876587;
 125.6334324828279]
第9幅图的旋转向量[1.923751117358977;
 2.192006377538766;
 0.6631159519093545]
第9幅图的平移向量
[-59.54620828510416;
 -32.40750379179164;
 110.3514464061628]
第10幅图的旋转向量[0.2480430051930296;
 2.533962390100195;
 0.07448367922889661]
第10幅图的平移向量
[-14.22146061638702;
 -44.67897911045296;
 134.1620355344896]
第11幅图的旋转向量[-0.03418081802152582;
 -3.017299030906838;
 0.5645478276946315]
第11幅图的平移向量
[-12.74841424235266;
 -41.31182440124992;
 127.9772486588986]
第12幅图的旋转向量[-0.44851666600167;
 -2.891640984372551;
 -0.7489883915375709]
第12幅图的平移向量
[-19.5892261172914;
 -36.81922495861088;
 115.5518737194512]
第13幅图的旋转向量[0.2752857837686371;
 2.696167235367839;
 0.277085373836692]
第13幅图的平移向量
[-15.0377267709116;
 -43.52418862294794;
 123.9714082478101]
