相机内参矩阵:
[531.1474987377276, 0, 341.8211277091664;
 0, 531.4320961008247, 235.039698778344;
 0, 0, 1]
畸变矩阵
[-0.2743913308701141, -0.03079775997488582, 0.0008956638928265577, -0.0002215259789118201, 0.2768123656094918]
第1幅图的旋转向量[0.1666461235973318;
 0.2739511028920965;
 0.0133888468111569]
第1幅图的平移向量
[-29.94989018015609;
 -43.41251503401131;
 158.6023436090876]
第2幅图的旋转向量[0.4147935198746246;
 0.6571010567637837;
 -1.337333376070368]
第2幅图的平移向量
[-23.17795951446311;
 33.09516610595749;
 140.8335283170277]
第3幅图的旋转向量[-0.2782146161088238;
 0.1878855794714139;
 0.3549675425169528]
第3幅图的平移向量
[-15.8324639172995;
 -40.01822251468683;
 126.2966975392489]
第4幅图的旋转向量[-0.1119469336395004;
 0.2379353271648867;
 -0.001989952775900641]
第4幅图的平移向量
[-39.2650190218656;
 -26.80589538146202;
 131.2509640464995]
第5幅图的旋转向量[-0.2934237587024173;
 0.4302227412761437;
 1.313132934284302]
第5幅图的平移向量
[23.53362203641331;
 -45.98158353443925;
 125.9787709109787]
第6幅图的旋转向量[0.4089240805110843;
 0.3046874214349176;
 1.648402312337328]
第6幅图的平移向量
[66.96804611176525;
 -26.05433967575062;
 132.9996042032074]
第7幅图的旋转向量[0.1764714225120001;
 0.344722278681468;
 1.868301755501596]
第7幅图的平移向量
[7.959420522036811;
 -28.56518780294175;
 154.4708398106097]
第8幅图的旋转向量[-0.09290513217360273;
 0.4802977491617064;
 1.753116270868343]
第8幅图的平移向量
[31.71100569039685;
 -35.03758232639346;
 125.7100043608479]
第9幅图的旋转向量[0.201741330156801;
 -0.4236330400009685;
 0.1326025163817041]
第9幅图的平移向量
[-26.43013707889409;
 -32.28750631976103;
 110.3018330445328]
第10幅图的旋转向量[-0.419470743614346;
 -0.4972068705637558;
 1.336039965170419]
第10幅图的平移向量
[18.86996379971523;
 -44.24943413977168;
 134.1687561143268]
第11幅图的旋转向量[-0.2394217268922592;
 0.3475285846106312;
 1.53086620703219]
第11幅图的平移向量
[20.40202325283678;
 -40.90897088667291;
 127.8955787437928]
第12幅图的旋转向量[0.4682641598021747;
 -0.2843203431189133;
 1.238674825343118]
第12幅图的平移向量
[13.59528073626116;
 -36.40413089665744;
 115.2284338414187]
第13幅图的旋转向量[-0.1704650071265108;
 -0.4679812537544118;
 1.34624483956262]
第13幅图的平移向量
[18.10397468446675;
 -43.12659208981581;
 123.9518689637029]
